64
112
112
32
80
112
0
80
96
48
80
96
48
80
80
48
80
112
128
64
80
128
64
96
112
96
80
112
80
80
96
80
80
112
0
64
112
0
96
112
0
80
112
0
80
96
0
80
96
0
80
80
16
112
112
48
80
96
64
80
112
80
80
96
112
64
96
112
64
96
128
64
96
96
64
96
96
64
80
96
0
80
80
0
80
96
0
80
128
16
80
80
16
80
112
16
64
96
16
80
112
16
64
96
32
64
96
32
80
96
48
80
80
32
80
112
48
80
96
64
80
112
64
64
112
80
64
112
80
80
80
80
80
96
80
80
128
128
80
112
128
80
112
128
80
112
144
32
96
128
80
96
112
80
112
96
64
112
128
80
112
128
80
80
112
80
80
112
64
96
112
48
96
112
48
64
112
80
80
112
16
80
80
0
80
112
0
64
128
0
80
96
16
80
128
0
80
96
16
96
128
16
80
96
48
96
80
112
80
112
96
80
96
112
64
64
80
80
96
128
80
80
112
64
96
96
64
80
112
64
64
112
48
80
112
0
96
112
0
112
96
0
80
112
0
96
80
0
96
112
0
80
96
0
80
112
0
96
96
0
80
128
0
96
112
0
64
96
0
96
96
0
80
96
0
80
112
0
80
128
0
96
128
0
96
96
0
64
112
0
80
96
0
96
96
0
64
80
0
64
112
0
96
112
0
64
128
0
64
128
0
96
112
0
80
112
0
80
80
0
64
112
0
80
112
0
80
96
0
96
112
16
96
128
0
80
96
0
80
96
0
80
112
0
64
112
0
112
96
0
64
80
0
80
112
0
96
112
16
64
112
0
80
112
0
96
112
0
64
80
0
80
112
0
80
112
0
80
96
0
96
96
0
80
112
0
80
112
0
96
80
0
64
96
0
80
112
0
80
96
0
80
96
0
80
96
0
80
80
0
80
96
0
80
96
0
64
96
0
80
96
0
64
112
0
80
96
0
80
112
0
64
96
0
80
128
0
80
128
0
80
80
0
80
96
0
96
96
0
80
128
0
80
96
0
80
112
0
96
96
0
80
96
0
64
112
0
96
112
0
80
96
0
48
96
0
64
112
0
80
96
0
80
112
0
80
112
0
48
96
16
80
96
32
64
80
32
64
96
32
96
96
16
80
96
48
80
80
48
80
96
112
96
96
112
64
80
112
64
112
128
80
96
112
64
96
112
48
64
96
80
112
96
48
96
112
80
96
112
80
64
96
64
96
112
64
96
112
80
64
128
64
64
112
64
64
112
80
96
96
64
96
112
96
96
128
0
80
112
0
96
112
0
64
80
0
96
96
0
80
96
0
96
96
0
80
96
0
80
112
0
64
96
0
80
112
0
80
112
0
80
112
0
64
96
0
96
96
0
96
80
0
80
112
0
64
96
0
80
80
0
80
96
0
80
112
0
96
128
64
64
128
48
112
96
32
80
112
64
80
112
32
80
96
48
64
112
48
80
128
96
96
112
80
80
80
48
80
112
48
80
96
0
80
112
0
80
128
0
80
80
0
80
112
0
64
96
0
64
96
0
80
96
0
80
112
0
80
96
0
80
96
0
96
128
0
80
96
0
64
112
0
80
96
0
80
80
0
80
80
0
80
96
0
80
112
0
80
96
0
80
112
0
96
112
0
112
96
0
96
112
0
112
96
0
96
112
0
96
80
0
112
96
0
80
80
0
64
112
0
64
112
0
80
112
0
112
112
0
64
112
0
80
112
0
96
112
0
80
112
0
64
96
0
80
112
0
80
112
16
96
80
32
80
96
0
64
128
48
64
96
48
80
128
48
80
112
80
80
112
80
80
112
80
96
96
48
96
96
80
64
96
64
80
96
80
64
112
80
80
112
64
96
128
80
96
112
80
80
96
96
80
112
64
80
112
64
80
112
80
80
128
80
80
96
16
80
128
0
96
144
0
80
112
0
64
112
0
80
96
0
80
96
0
96
112
0
64
112
0
64
112
0
80
112
0
96
112
0
80
112
0
80
112
0
96
80
0
80
112
0
80
112
0
80
112
0
80
96
0
64
112
0
80
112
0
96
96
0
80
128
0
96
112
0
64
128
0
80
128
0
96
112
0
96
112
0
96
96
48
64
112
80
96
112
80
96
112
80
80
112
0
96
128
80
96
96
80
96
112
80
96
112
64
96
128
48
80
112
96
80
128
80
112
112
32
96
128
64
96
112
80
96
112
16
96
96
16
96
128
80
112
112
32
112
96
16
96
112
48
96
112
64
96
112
0
96
112
64
128
128
16
112
128
0
96
128
0
112
128
0
80
128
0
96
128
0
112
128
0
96
112
16
112
128
16
96
128
0
112
128
0
128
144
0
112
144
0
112
128
0
112
144
16
96
144
0
128
128
0
112
144
16
112
128
0
112
144
16
144
144
32
128
144
48
112
160
64
128
144
48
128
144
64
128
144
80
144
144
96
128
160
96
128
144
96
128
160
80
128
144
96
144
160
112
144
176
112
144
144
96
144
160
112
112
160
112
144
176
96
144
160
112
160
176
112
160
176
96
144
176
112
144
176
80
144
176
112
160
176
80
144
160
96
144
176
112
176
192
96
160
176
96
160
176
96
160
192
80
160
192
80
144
176
80
160
160
96
128
176
112
144
192
112
160
176
112
128
192
144
176
160
192
160
160
192
160
192
192
160
176
176
144
176
192
160
144
192
160
144
208
144
160
176
160
144
208
80
176
192
32
144
176
32
192
160
48
192
208
80
144
192
48
160
192
64
176
176
64
176
160
48
176
192
32
160
176
32
176
208
64
176
176
48
160
176
80
176
192
80
176
192
64
176
208
112
192
208
160
192
208
160
208
208
144
192
224
160
224
224
128
192
224
80
192
240
128
208
256
96
240
256
112
240
256
128
256
304
144
304
336
208
320
352
208
368
384
256
384
432
320
416
464
368
480
544
432
560
576
432
576
624
496
640
688
560
688
720
592
736
768
656
800
800
736
848
864
752
880
912
800
896
912
816
928
928
848
976
976
880
976
1008
912
1008
1056
928
1056
1072
976
1088
1088
976
1104
1136
1040
1136
1152
1040
1168
1168
1104
1168
1216
1088
1200
1216
1152
1216
1248
1152
1248
1264
1184
1280
1312
1232
1296
1328
1200
1312
1328
1216
1328
1344
1264
1296
1344
1232
1344
1360
1248
1328
1344
1280
1344
1376
1264
1328
1376
1248
1328
1360
1264
1328
1344
1232
1360
1360
1248
1344
1360
1248
1360
1344
1232
1344
1360
1264
1376
1392
1232
1360
1376
1248
1376
1360
1248
1344
1392
1264
1392
1376
1264
1360
1408
1264
1376
1408
1248
1376
1392
1280
1408
1376
1264
1360
1424
1312
1392
1376
1264
1392
1440
1328
1408
1424
1296
1408
1408
1312
1392
1456
1328
1392
1424
1328
1408
1408
1328
1440
1440
1344
1424
1440
1376
1440
1456
1360
1440
1456
1392
1472
1488
1408
1488
1520
1440
1536
1552
1456
1536
1552
1488
1552
1584
1520
1600
1600
1568
1616
1616
1584
1648
1712
1632
1696
1712
1664
1744
1744
1712
1776
1824
1776
1824
1872
1824
1856
1888
1920
1920
1920
1968
1920
1968
1968
1968
1984
2016
1984
1984
2064
2000
2080
2096
2048
2064
2096
2080
2096
2128
2112
2096
2128
2112
2160
2160
2144
2192
2208
2144
2160
2208
2192
2192
2240
2208
2240
2240
2208
2240
2272
2144
2256
2288
2160
2288
2304
2160
2320
2352
2176
2320
2336
2208
2320
2384
2224
2352
2368
2256
2352
2384
2288
2352
2400
2288
2352
2352
2272
2384
2384
2288
2368
2384
2288
2352
2368
2288
2352
2368
2288
2336
2384
2256
2352
2384
2304
2368
2384
2304
2368
2400
2320
2384
2400
2336
2400
2416
2336
2384
2416
2304
2416
2432
2336
2400
2416
2320
2400
2432
2352
2416
2432
2384
2416
2416
2416
2448
2464
2400
2432
2448
2416
2448
2448
2416
2464
2432
2416
2448
2480
2416
2432
2464
2416
2432
2464
2432
2448
2448
2464
2480
2448
2480
2448
2432
2480
2432
2464
2480
2448
2480
2496
2464
2480
2464
2480
2464
2464
2448
2464
2512
2464
2480
2480
2480
2480
2480
2496
2512
2528
2496
2496
2544
2496
2528
2512
2512
2512
2544
2368
2512
2528
2384
2544
2528
2448
2544
2560
2464
2544
2576
2480
2544
2592
2512
2576
2608
2528
2624
2640
2608
2608
2656
2656
2624
2656
2672
2656
2672
2688
2672
2672
2704
2672
2688
2688
2736
2704
2720
2736
2720
2720
2768
2752
2720
2736
2736
2752
2768
2752
2736
2608
2736
2752
2640
2752
2768
2640
2768
2752
2656
2784
2768
2672
2752
2784
2672
2784
2784
2688
2816
2800
2720
2800
2816
2736
2848
2848
2752
2832
2864
2768
2880
2848
2784
2928
2896
2800
2912
2896
2832
2944
2912
2848
2944
2944
2864
3008
2944
2896
2992
2944
2880
3008
2960
2928
2992
2976
2992
3024
2992
2960
3024
2960
2976
3040
2960
2976
3040
2976
2976
3040
2992
2976
3056
2976
2960
3056
2992
2992
3056
2976
2976
3088
3008
2960
3088
2992
2960
3056
2960
2944
2928
2976
2944
2816
2976
2928
2800
2976
2944
2816
2944
2928
2816
2960
2960
2832
2976
2928
2848
2976
2928
2864
2976
2960
2832
2944
2944
2864
2976
2960
2864
2976
2944
2848
2976
2944
2864
2960
2960
2880
2976
2960
2880
2976
2976
2880
2976
2960
2896
3008
2960
2896
3008
2976
2880
2976
2976
2960
2992
2960
2992
2992
2928
2960
3024
2976
2928
3008
2960
2944
3008
2944
2960
2992
2928
2944
3024
2960
2928
3008
2960
2944
3024
2960
2960
3008
2992
2960
3072
2976
2960
3040
2960
2976
3040
2960
2960
2992
2960
2944
2992
2976
2960
2832
2944
2960
2832
2976
2960
2864
2976
2928
2880
2976
2944
2848
2960
2944
2848
2960
2944
2864
2960
2944
2864
2976
2912
2880
2960
2928
2896
2992
2912
2960
2976
2944
2928
2992
2960
2928
3008
2960
2960
3008
2976
2960
3024
2944
2960
3056
2960
2992
3040
3008
2960
3072
2992
2944
3040
2960
2960
3056
2960
2976
3088
2976
2944
3024
2960
2944
2896
2960
2960
2816
2976
2960
2832
2960
2976
2848
2960
2960
2864
2976
2944
2864
2992
2960
2896
2960
2944
2880
3008
2976
2880
3008
2976
2896
2992
2976
2880
3008
2976
2896
3008
2960
2928
2992
2992
2928
3024
2960
2928
3024
2976
2928
3024
3008
2928
3008
3008
2992
3024
2976
2976
3040
3008
3008
3072
3008
2992
3024
2992
2960
3040
2992
2992
3088
2976
2944
3024
2976
2960
2992
2944
2928
2976
2944
2880
2960
2880
2848
2880
2832
2848
2864
2800
2768
2624
2752
2704
2576
2688
2688
2512
2640
2640
2480
2592
2576
2416
2512
2496
2416
2448
2464
2320
2368
2384
2256
2288
2304
2208
2272
2208
2112
2144
2160
2032
2064
2032
1936
1968
1936
1808
1856
1824
1712
1728
1664
1584
1616
1584
1456
1456
1424
1328
1344
1328
1232
1184
1168
1072
1072
1024
912
896
848
784
752
736
592
608
544
464
464
400
304
288
272
208
208
240
192
192
208
192
176
176
224
160
176
176
144
176
176
112
160
176
144
144
176
112
160
160
128
144
160
96
128
160
128
144
144
128
144
128
80
128
144
112
128
128
112
112
144
96
96
144
112
96
144
96
128
144
48
112
144
48
112
128
16
128
112
0
112
128
0
112
128
0
96
128
0
112
144
0
96
112
0
80
144
0
80
144
0
112
128
0
112
112
0
96
96
0
112
128
0
112
128
0
80
96
16
80
96
0
80
112
0
80
112
0
96
128
0
64
96
0
80
112
0
112
96
0
80
112
0
80
96
0
80
128
0
112
96
0
96
112
0
112
96
0
96
112
0
80
112
0
80
128
0
80
128
0
96
128
0
80
128
0
80
128
0
96
128
0
80
128
0
96
96
0
80
112
0
96
96
0
64
112
0
80
128
16
96
112
0
112
128
0
96
112
0
96
112
0
96
128
0
112
112
0
96
112
0
96
128
0
112
144
0
112
128
0
128
144
0
112
128
0
128
144
48
144
160
64
144
192
80
176
224
112
272
368
368
592
736
752
944
1072
1104
1264
1376
1392
1568
1648
1648
1776
1888
1904
2016
2112
2144
2192
2288
2336
2368
2416
2464
2496
2544
2576
2592
2624
2656
2688
2720
2704
2768
2752
2752
2832
2816
2848
2928
2896
2896
2800
2928
2928
2816
2976
2944
2864
2992
2992
2912
3040
3008
2896
3056
3040
2944
3056
3024
2976
3088
3056
2976
3136
3056
3072
3104
3056
3024
3136
3072
3056
3136
3040
3024
3104
3008
3008
3088
3008
3008
3056
3024
2992
3104
2992
2992
3072
2976
2992
2944
2992
2992
2880
3008
2976
2864
3040
3008
2896
3024
2976
2912
3024
2976
2896
3024
2992
2912
3024
2992
2880
3024
3008
2896
2976
2992
2896
3024
2960
2912
2992
2992
2976
2992
2960
2944
2992
2960
2960
2992
2928
2944
2976
2928
2960
2992
2928
2896
2992
2928
2896
2944
2896
2896
2944
2912
2864
2736
2880
2848
2720
2832
2832
2736
2832
2816
2704
2816
2800
2688
2784
2784
2688
2752
2752
2688
2768
2720
2688
2736
2752
2640
2720
2688
2704
2720
2704
2672
2656
2656
2640
2624
2640
2624
2608
2624
2624
2608
2576
2592
2592
2592
2592
2592
2576
2592
2576
2592
2592
2544
2544
2576
2576
2576
2576
2448
2560
2592
2416
2576
2576
2448
2528
2544
2432
2544
2560
2464
2528
2560
2416
2576
2576
2464
2560
2576
2432
2528
2592
2480
2544
2544
2432
2560
2576
2480
2576
2576
2464
2544
2576
2512
2576
2592
2512
2576
2576
2512
2560
2576
2528
2576
2560
2528
2608
2592
2608
2576
2560
2592
2560
2544
2608
2576
2560
2576
2592
2576
2592
2576
2576
2608
2576
2608
2624
2592
2576
2608
2608
2608
2608
2608
2608
2640
2608
2592
2640
2608
2624
2640
2480
2656
2624
2512
2640
2640
2528
2624
2640
2512
2624
2640
2528
2624
2608
2528
2624
2608
2528
2608
2624
2544
2608
2624
2592
2624
2672
2624
2640
2672
2656
2672
2672
2672
2704
2704
2736
2704
2736
2720
2752
2752
2768
2768
2768
2800
2816
2800
2800
2832
2784
2816
2816
2768
2784
2736
2784
2800
2640
2816
2800
2656
2784
2800
2704
2784
2784
2704
2816
2832
2720
2848
2816
2752
2864
2832
2800
2848
2880
2896
2928
2896
2928
2912
2928
2928
3008
2928
2928
3040
2960
2960
3056
2992
2992
3088
3008
3008
3056
3056
3008
2928
3040
3008
2896
3040
3008
2896
3024
3008
2912
3040
3024
2896
3024
3008
2880
3056
3024
2928
3056
3008
2880
3024
2976
2896
3024
2992
2928
3024
3008
2928
3040
3008
2976
3088
3008
3008
3088
3024
3024
3088
3024
3024
3136
3024
3040
3136
3024
3024
3152
3040
3024
3136
3008
3024
2928
3008
3008
2912
3056
2992
2880
3024
2976
2896
3008
2960
2864
2976
2960
2864
2928
2928
2848
2912
2912
2832
2864
2864
2768
2832
2800
2816
2832
2784
2752
2768
2736
2736
2704
2704
2688
2656
2640
2624
2576
2592
2592
2544
2496
2528
2480
2512
2480
2448
2432
2448
2416
2384
2384
2384
2336
2352
2288
2320
2304
2208
2272
2256
2144
2192
2208
2032
2144
2160
2016
2080
2080
1936
2032
2016
1872
1984
1968
1840
1936
1936
1808
1872
1872
1744
1840
1840
1728
1808
1792
1680
1776
1792
1664
1712
1744
1664
1696
1712
1664
1664
1680
1696
1664
1680
1680
1648
1648
1632
1616
1616
1648
1600
1616
1648
1600
1632
1600
1584
1600
1632
1584
1584
1616
1584
1600
1632
1520
1584
1616
1472
1584
1632
1488
1600
1616
1488
1584
1568
1520
1600
1584
1520
1568
1600
1520
1552
1568
1568
1552
1552
1568
1552
1552
1584
1552
1536
1568
1536
1552
1568
1520
1552
1552
1488
1520
1584
1424
1520
1568
1456
1536
1536
1456
1520
1552
1456
1520
1568
1440
1520
1536
1488
1552
1552
1520
1536
1552
1584
1552
1552
1552
1536
1600
1600
1584
1584
1616
1600
1600
1632
1600
1648
1648
1648
1664
1664
1616
1648
1680
1648
1664
1680
1696
1728
1728
1712
1728
1744
1696
1744
1760
1616
1776
1840
1712
1808
1824
1760
1824
1872
1776
1840
1904
1824
1904
1936
1888
1952
1968
1968
1984
2000
2000
1984
2032
2032
2016
2032
2080
2064
2096
2096
2096
2096
2160
2160
2160
2208
2160
2192
2240
2176
2224
2256
2240
2272
2288
2288
2320
2320
2320
2352
2352
2256
2368
2384
2288
2400
2432
2304
2448
2432
2336
2480
2496
2400
2512
2496
2416
2528
2560
2448
2592
2608
2480
2560
2592
2496
2608
2624
2512
2608
2640
2528
2640
2640
2576
2640
2656
2576
2640
2656
2592
2656
2672
2624
2688
2672
2688
2656
2656
2688
2672
2704
2688
2720
2688
2704
2688
2704
2704
2688
2688
2704
2720
2720
2704
2704
2688
2688
2720
2688
2720
2736
2688
2704
2608
2720
2704
2592
2704
2720
2624
2736
2720
2656
2752
2768
2688
2768
2768
2720
2784
2784
2736
2832
2816
2816
2832
2864
2848
2896
2864
2864
2944
2880
2896
2944
2896
2880
2960
2928
2896
3008
2912
2928
2976
2928
2896
2976
2880
2880
2768
2880
2864
2768
2880
2864
2736
2880
2848
2752
2848
2816
2736
2832
2832
2768
2832
2816
2752
2800
2768
2720
2768
2768
2736
2720
2704
2704
2688
2640
2624
2576
2576
2544
2464
2432
2432
2352
2368
2304
2240
2208
2160
2080
2048
2016
1936
1888
1840
1760
1728
1648
1456
1520
1488
1296
1328
1296
1136
1152
1120
944
1008
944
784
816
752
624
640
608
464
464
432
336
336
320
208
240
224
192
192
224
208
144
192
208
176
192
208
160
176
176
160
160
208
144
160
176
128
144
160
144
128
176
112
128
160
112
128
160
128
128
160
112
144
144
48
144
144
16
128
144
0
112
144
0
96
112
0
96
128
16
112
144
0
96
128
0
112
128
0
112
128
16
112
128
0
112
112
0
112
112
0
80
128
0
80
128
16
80
128
0
80
128
16
80
96
0
112
112
32
96
112
16
96
96
48
96
128
32
96
112
16
80
112
16
96
128
16
80
112
48
112
112
64
80
112
48
96
96
64
80
112
128
96
112
128
80
96
112
80
112
128
64
144
144
96
80
112
96
80
80
80
64
112
96
80
112
80
80
112
64
64
96
80
80
112
48
96
96
80
112
128
64
96
112
48
96
96
48
96
112
0
96
96
0
96
112
48
96
128
0
96
96
0
96
112
0
96
96
0
80
96
0
96
112
0
96
96
0
128
112
0
112
128
32
112
112
0
112
128
0
96
144
16
112
144
0
112
128
16
96
144
48
112
144
48
144
160
48
144
160
80
144
176
80
176
208
128
192
256
192
320
400
432
560
688
688
832
912
976
1088
1168
1232
1328
1392
1488
1536
1632
1744
1728
1840
1920
1920
2016
2064
2096
2192
2224
2240
2288
2368
2368
2416
2512
2496
2544
2560
2576
2608
2672
2704
2704
2720
2800
2800
2816
2752
2800
2848
2720
2896
2880
2752
2912
2912
2800
2928
2944
2848
2960
2976
2880
3008
3008
2896
3040
3008
2928
3072
3056
2928
3088
3072
2944
3088
3088
2976
3136
3040
3008
3120
3056
3072
3120
3056
3056
3152
3040
3056
3120
3056
3024
3120
3024
3040
3168
3040
3040
3168
3040
3024
3152
3040
3040
3152
3056
3008
3088
3024
3008
2912
3040
3024
2912
3072
3072
2944
3104
3040
2960
3104
3040
2976
3072
3056
2992
3120
3072
3008
3088
3072
3024
3104
3040
3008
3120
3024
2960
3024
2944
2944
2976
2896
2880
2912
2832
2800
2800
2736
2720
2656
2640
2608
2416
2528
2496
2352
2384
2400
2256
2320
2288
2160
2160
2160
2096
2064
2048
2016
1952
1952
1904
1856
1824
1824
1760
1744
1728
1664
1664
1648
1584
1584
1568
1488
1488
1488
1440
1440
1424
1248
1376
1360
1184
1296
1296
1152
1280
1248
1104
1168
1168
1056
1120
1104
992
1024
1040
944
960
976
864
912
880
816
848
832
752
784
768
704
704
688
704
656
672
640
576
608
576
560
544
544
496
528
544
464
480
496
416
448
464
400
400
464
384
400
416
368
384
400
272
352
368
208
352
368
240
336
336
240
304
336
208
320
336
224
272
336
208
272
304
192
288
336
192
272
288
208
272
288
208
256
272
192
272
288
192
240
272
176
272
272
208
272
288
208
256
272
224
240
304
224
256
256
208
272
272
224
224
288
240
256
272
208
240
288
224
256
256
256
240
272
304
224
256
288
256
272
272
240
240
272
240
272
272
240
256
288
256
272
288
240
272
304
272
304
336
272
336
336
208
352
384
272
432
480
368
464
528
432
560
576
496
624
672
592
688
752
688
768
800
752
880
928
848
992
1008
960
1056
1104
1056
1136
1184
1168
1232
1280
1232
1312
1344
1328
1376
1408
1408
1472
1456
1520
1504
1488
1536
1520
1552
1584
1536
1584
1616
1584
1616
1648
1648
1648
1680
1648
1664
1680
1648
1680
1680
1664
1680
1728
1696
1696
1760
1680
1712
1744
1696
1728
1776
1648
1712
1760
1616
1744
1760
1648
1728
1744
1680
1744
1760
1664
1760
1776
1664
1760
1776
1680
1760
1808
1680
1760
1792
1712
1760
1776
1680
1760
1760
1712
1760
1792
1712
1744
1792
1696
1760
1792
1696
1776
1776
1744
1760
1760
1728
1744
1776
1776
1744
1744
1760
1744
1744
1776
1744
1760
1776
1744
1760
1776
1696
1744
1776
1728
1728
1744
1728
1728
1744
1696
1728
1776
1728
1744
1744
1712
1760
1744
1712
1760
1744
1760
1760
1776
1744
1744
1776
1680
1744
1760
1600
1728
1776
1632
1760
1760
1680
1776
1776
1664
1776
1824
1712
1792
1808
1712
1808
1840
1760
1840
1824
1760
1856
1888
1824
1888
1872
1840
1888
1904
1888
1904
1968
1904
1952
1968
1952
1952
2000
2032
2000
2032
2048
2032
2064
2064
2032
2096
2128
2096
2112
2144
2128
2144
2160
2144
2192
2208
2160
2192
2224
2224
2240
2224
2256
2256
2272
2256
2272
2288
2240
2320
2320
2208
2368
2368
2224
2368
2400
2272
2400
2432
2320
2416
2448
2320
2432
2464
2384
2480
2480
2400
2496
2512
2416
2496
2496
2400
2496
2528
2448
2496
2544
2448
2544
2560
2448
2528
2560
2448
2544
2560
2480
2544
2544
2480
2512
2528
2512
2528
2528
2512
2528
2512
2544
2528
2544
2560
2528
2544
2544
2544
2560
2576
2544
2544
2576
2544
2576
2576
2592
2608
2624
2608
2608
2624
2544
2608
2624
2480
2608
2624
2480
2624
2624
2512
2576
2608
2512
2608
2576
2512
2576
2576
2480
2576
2576
2528
2592
2560
2496
2592
2576
2624
2576
2592
2560
2544
2576
2592
2544
2576
2592
2544
2592
2560
2576
2560
2592
2512
2576
2560
2544
2576
2560
2544
2544
2544
2448
2560
2544
2416
2544
2544
2432
2560
2560
2432
2544
2528
2416
2512
2544
2416
2512
2544
2448
2512
2512
2448
2528
2544
2464
2544
2576
2464
2576
2576
2512
2544
2576
2544
2592
2624
2576
2592
2608
2640
2640
2640
2688
2672
2672
2720
2704
2704
2704
2736
2704
2752
2784
2752
2768
2784
2784
2768
2768
2816
2784
2800
2784
2784
2672
2784
2784
2656
2768
2768
2672
2784
2768
2688
2800
2784
2736
2816
2800
2768
2880
2864
2848
2880
2864
2848
2928
2880
2896
2976
2896
2928
2992
2960
2944
2992
2960
2960
2880
3040
2976
2928
3056
3024
2928
3088
3040
2976
3104
3040
2960
3136
3056
2960
3136
3040
2976
3136
3104
3024
3120
3056
3072
3152
3088
3040
3152
3072
3056
3184
3088
3056
3152
3104
3056
3168
3072
3056
3184
3104
3056
3200
3088
3040
3200
3104
3056
3104
3056
3056
2928
3056
3024
2928
3072
3056
2944
3040
3024
2928
3088
3056
2944
3104
3056
2960
3120
3056
2976
3120
3056
3008
3120
3056
3008
3136
3088
3024
3152
3088
3056
3184
3104
3088
3152
3088
3104
3168
3088
3088
3184
3088
3088
3216
3120
3072
3232
3056
3056
3184
3040
3008
2928
2960
2928
2800
2912
2832
2672
2752
2704
2544
2608
2544
2336
2384
2352
2160
2192
2128
1920
1920
1856
1664
1648
1600
1408
1376
1328
1168
1120
1024
912
816
768
624
560
528
480
368
352
288
224
240
240
192
192
208
160
176
192
160
192
176
128
144
192
128
160
176
128
128
176
128
144
176
128
160
160
144
128
144
112
128
128
16
128
176
16
128
144
32
128
128
16
112
144
0
112
144
16
112
128
32
96
144
32
112
144
32
128
128
48
112
144
48
112
144
64
96
144
80
112
112
80
96
128
144
96
96
144
96
144
144
96
112
144
96
112
128
96
96
128
80
112
144
0
96
128
16
128
144
32
96
128
32
96
128
64
112
128
96
128
96
144
96
128
112
80
112
144
112
128
128
96
112
112
64
112
128
80
112
112
96
112
112
0
96
112
0
96
112
16
96
112
16
112
112
16
96
96
48
80
112
32
80
112
64
80
112
96
80
128
96
80
128
112
80
96
112
96
96
128
96
128
128
80
96
128
80
96
128
80
96
112
80
96
128
0
80
112
0
96
128
16
96
112
48
80
112
48
80
128
64
80
112
64
80
96
144
80
112
128
80
112
128
80
128
112
80
112
128
64
112
128
32
112
144
0
96
144
0
96
128
32
112
128
48
112
128
48
128
144
64
112
144
48
112
160
96
144
160
80
144
176
112
176
208
176
256
320
400
544
704
784
912
1072
1152
1264
1376
1520
1568
1664
1776
1824
1920
2000
2032
2160
2208
2240
2336
2384
2432
2496
2528
2576
2624
2640
2704
2704
2752
2720
2800
2800
2672
2864
2864
2752
2928
2896
2800
2960
2928
2848
2960
2944
2864
3008
2960
2896
2992
3008
2896
3008
2976
2976
3024
2992
2992
3024
3008
2992
3088
3008
3024
3072
3008
3024
3152
3056
3008
3184
3088
3040
3184
3120
3072
2960
3104
3088
2976
3136
3104
2992
3136
3088
3008
3152
3104
3024
3136
3072
3008
3136
3056
3056
3168
3072
3056
3120
3024
3024
3152
3040
3056
3152
3040
3024
3136
3024
3008
3120
3040
3008
3104
2992
2976
3040
2960
2928
3024
2928
2880
2784
2896
2864
2752
2832
2800
2736
2800
2768
2656
2736
2720
2640
2704
2672
2608
2656
2656
2592
2608
2624
2512
2560
2544
2464
2496
2480
2480
2432
2416
2400
2352
2352
2352
2288
2288
2256
2176
2208
2176
2112
2128
2112
2064
2080
2032
2016
2000
2000
1904
2000
1968
1824
1920
1936
1808
1904
1904
1808
1888
1888
1808
1824
1872
1856
1808
1840
1856
1792
1792
1808
1792
1792
1808
1776
1760
1808
1744
1760
1792
1760
1744
1760
1728
1728
1728
1744
1744
1760
1616
1728
1712
1616
1696
1728
1616
1712
1728
1632
1712
1728
1616
1696
1712
1632
1696
1712
1632
1664
1712
1632
1696
1696
1664
1680
1696
1632
1680
1712
1712
1664
1664
1712
1648
1680
1712
1680
1680
1680
1648
1696
1664
1648
1664
1696
1648
1680
1712
1664
1680
1696
1664
1696
1712
1552
1664
1696
1552
1680
1664
1552
1648
1680
1568
1664
1680
1584
1648
1664
1600
1648
1680
1584
1648
1648
1616
1616
1648
1600
1600
1616
1664
1600
1616
1632
1616
1584
1648
1600
1616
1616
1552
1584
1600
1568
1568
1568
1520
1568
1552
1520
1520
1536
1488
1488
1504
1456
1456
1488
1296
1424
1456
1312
1392
1424
1280
1376
1376
1232
1328
1328
1216
1248
1280
1184
1248
1216
1168
1168
1168
1088
1136
1136
1136
1040
1072
1072
1008
1056
1024
1008
976
1008
944
928
960
896
880
944
864
864
880
832
848
848
800
816
816
768
768
800
752
768
752
672
736
752
624
704
720
560
704
704
592
672
688
560
640
656
560
624
640
496
608
624
560
576
624
528
576
576
512
544
560
496
528
560
496
512
544
480
512
528
480
528
528
480
496
496
480
480
512
544
464
496
496
448
480
480
432
448
480
432
432
448
432
416
432
400
416
400
384
384
400
368
384
400
368
368
400
368
368
368
352
352
352
352
352
368
304
320
384
240
352
368
224
352
352
224
336
352
208
336
336
208
304
352
192
352
352
192
336
336
224
336
352
208
304
336
224
320
336
208
320
336
240
288
304
224
304
304
256
272
304
240
288
304
256
288
304
240
256
304
272
288
336
272
288
304
304
320
320
336
288
320
352
288
320
368
304
320
336
288
320
352
336
336
352
320
352
352
320
336
368
320
368
352
336
368
384
336
384
416
384
400
448
432
448
512
464
496
544
496
576
576
592
608
656
656
672
720
688
736
768
688
800
864
752
864
896
784
928
960
880
1008
1056
912
1056
1104
976
1136
1168
1008
1184
1232
1056
1232
1264
1120
1264
1328
1232
1344
1360
1264
1376
1424
1328
1424
1472
1392
1504
1504
1440
1568
1552
1520
1568
1616
1552
1600
1632
1616
1680
1664
1616
1680
1712
1616
1712
1728
1664
1712
1712
1696
1760
1744
1760
1744
1776
1792
1776
1792
1808
1776
1792
1808
1776
1792
1824
1792
1824
1840
1808
1824
1840
1808
1824
1840
1824
1824
1872
1824
1824
1872
1840
1840
1872
1808
1856
1856
1744
1840
1872
1712
1840
1872
1696
1824
1840
1744
1840
1840
1728
1824
1856
1728
1808
1840
1712
1808
1840
1728
1824
1856
1744
1824
1840
1728
1824
1840
1744
1824
1824
1744
1808
1856
1776
1824
1824
1776
1824
1840
1776
1824
1824
1776
1808
1840
1776
1824
1808
1776
1824
1824
1808
1792
1808
1824
1808
1808
1824
1808
1808
1824
1792
1824
1808
1808
1840
1840
1840
1840
1840
1824
1856
1872
1824
1824
1840
1824
1808
1856
1808
1840
1856
1808
1824
1824
1696
1792
1808
1680
1776
1776
1680
1760
1776
1648
1728
1776
1648
1696
1728
1616
1696
1680
1568
1632
1616
1488
1584
1552
1456
1520
1488
1392
1456
1456
1344
1392
1392
1280
1328
1328
1184
1280
1264
1152
1200
1184
1088
1184
1136
1056
1104
1104
976
1088
1072
928
992
1008
912
928
944
848
880
880
784
816
800
752
784
784
704
704
752
656
688
672
624
656
624
624
624
624
624
592
624
592
576
576
608
544
560
592
528
560
544
528
544
544
528
544
576
448
528
528
400
496
512
432
480
528
416
480
496
400
448
480
416
448
448
432
432
464
464
448
464
464
432
448
464
416
432
432
384
432
464
384
400
432
416
400
448
400
384
432
384
416
432
368
416
432
336
400
432
304
432
416
304
416
448
288
432
432
304
400
480
320
432
480
368
448
464
352
448
464
368
464
464
368
432
448
368
432
432
352
416
432
368
432
432
384
400
432
400
416
432
400
400
432
448
400
432
432
384
432
448
400
400
416
400
400
432
432
432
416
400
400
432
384
416
416
384
400
448
400
432
448
256
384
416
304
416
432
304
384
384
272
384
368
272
352
352
272
320
336
272
320
336
288
320
288
320
272
288
288
272
256
272
224
240
288
256
256
288
208
240
256
224
240
256
240
240
256
192
208
240
176
208
240
176
192
224
128
208
240
48
192
224
48
176
208
64
192
176
64
192
192
80
176
192
80
176
208
96
160
208
80
160
192
80
176
192
96
144
176
96
144
160
96
144
192
96
144
160
112
160
160
96
160
160
112
128
144
128
144
176
176
128
144
144
128
144
160
128
160
160
112
112
144
96
128
144
112
144
144
112
128
160
112
128
144
112
144
128
16
128
144
0
128
128
16
112
128
16
128
144
32
112
144
32
112
128
16
128
112
16
112
112
32
128
128
32
128
128
64
112
128
48
128
128
48
112
128
48
96
128
48
96
128
48
96
128
64
112
128
80
96
144
64
96
112
112
96
128
128
112
128
144
80
144
160
112
128
144
80
144
144
96
96
128
96
96
128
112
96
144
80
112
128
48
112
128
16
128
128
0
112
128
16
112
112
16
112
144
16
80
112
32
112
112
32
112
112
48
112
112
80
96
112
112
112
128
128
96
112
128
96
128
144
80
112
128
80
96
128
112
128
128
80
96
128
96
112
128
96
96
112
80
96
128
0
112
128
0
128
144
0
112
112
0
96
96
0
112
112
32
80
112
16
112
96
32
96
96
48
96
128
48
96
112
48
112
128
64
96
144
32
112
128
32
80
128
48
64
96
48
80
128
48
64
112
64
112
128
48
112
112
80
80
128
96
96
96
64
112
112
64
112
112
80
80
128
112
80
128
128
96
96
160
64
128
128
96
144
128
96
96
128
112
112
128
96
112
144
112
112
128
112
144
128
96
128
160
112
128
144
112
144
144
144
144
176
176
176
192
80
176
224
112
304
432
400
624
784
736
976
1088
1072
1264
1392
1360
1552
1680
1632
1808
1872
1872
2016
2080
2032
2192
2272
2240
2368
2416
2384
2512
2544
2496
2592
2640
2624
2704
2736
2688
2768
2784
2768
2864
2848
2800
2912
2928
2928
2992
2960
2960
3024
2960
2992
3056
3008
3040
3136
3056
3056
3184
3056
3088
3216
3104
3088
3232
3152
3104
3248
3120
3088
3296
3152
3088
3312
3120
3120
3040
3136
3104
2992
3152
3104
3008
3152
3104
2992
3136
3088
2992
3152
3088
2976
3152
3088
3008
3152
3104
2992
3168
3104
3008
3152
3056
3056
3168
3072
3072
3168
3088
3072
3216
3088
3056
3200
3104
3088
3200
3040
3040
3200
3072
3040
3184
3088
3024
2896
3072
3024
2928
3056
3008
2912
3024
3024
2880
3008
2960
2896
2960
2944
2880
2992
2928
2864
2960
2944
2848
2928
2912
2912
2912
2880
2880
2912
2896
2896
2912
2864
2864
2896
2880
2880
2880
2864
2880
2896
2864
2816
2896
2848
2816
2880
2864
2816
2864
2816
2816
2672
2816
2800
2688
2816
2816
2688
2800
2784
2688
2768
2768
2688
2736
2752
2656
2736
2752
2640
2720
2704
2656
2688
2688
2640
2672
2672
2624
2640
2672
2672
2608
2608
2640
2624
2608
2608
2608
2576
2608
2576
2576
2592
2576
2576
2576
2576
2528
2544
2512
2560
2528
2544
2544
2544
2528
2512
2544
2528
2528
2512
2480
2496
2512
2384
2480
2496
2416
2512
2528
2400
2496
2512
2400
2496
2512
2416
2480
2480
2432
2464
2512
2432
2496
2496
2496
2480
2432
2496
2512
2496
2480
2480
2496
2496
2480
2496
2480
2480
2496
2496
2480
2496
2528
2496
2496
2496
2480
2512
2512
2496
2496
2496
2464
2480
2480
2336
2464
2480
2384
2448
2480
2368
2464
2480
2384
2448
2464
2384
2432
2464
2384
2448
2464
2384
2464
2480
2416
2464
2464
2416
2512
2480
2480
2480
2480
2480
2496
2464
2496
2480
2496
2496
2496
2480
2464
2448
2464
2464
2416
2400
2432
2384
2416
2400
2352
2368
2368
2288
2352
2336
2176
2288
2272
2128
2256
2256
2128
2224
2224
2096
2160
2160
2064
2128
2128
2016
2048
2064
1952
2016
1984
1904
1920
1920
1824
1888
1872
1744
1776
1760
1712
1728
1696
1616
1632
1600
1568
1520
1504
1520
1424
1440
1408
1344
1344
1328
1264
1248
1264
1184
1168
1168
1104
1120
1088
1024
1008
1040
976
960
976
800
912
912
752
864
848
752
816
832
688
784
768
656
720
704
656
672
688
640
656
656
608
608
592
608
576
576
576
528
544
544
464
496
496
464
464
480
448
448
464
400
416
448
368
368
400
368
384
384
368
384
384
224
352
352
240
336
352
256
336
368
240
336
352
256
336
368
288
336
352
320
352
368
304
352
368
304
352
368
320
336
384
336
368
384
368
368
368
400
368
368
400
368
384
416
352
368
400
368
368
416
336
352
384
352
352
384
368
368
384
368
336
368
304
320
368
192
352
368
192
320
336
224
320
352
240
352
368
240
304
352
208
352
352
272
320
352
288
336
352
288
320
352
304
336
352
336
336
384
320
368
384
368
352
384
432
384
448
464
432
448
528
496
544
560
560
592
624
656
704
768
736
784
880
864
928
976
992
1040
1120
1104
1152
1232
1248
1280
1360
1280
1408
1472
1376
1536
1584
1488
1632
1696
1616
1728
1792
1680
1808
1872
1744
1888
1936
1840
1952
2016
1920
2016
2048
1952
2064
2112
2000
2112
2160
2080
2176
2192
2176
2208
2240
2208
2256
2256
2240
2272
2288
2256
2320
2320
2272
2304
2304
2352
2336
2352
2384
2352
2368
2400
2352
2384
2480
2416
2448
2448
2464
2464
2480
2480
2448
2480
2464
2448
2496
2480
2464
2464
2336
2416
2448
2320
2416
2448
2288
2416
2416
2320
2400
2400
2288
2384
2384
2288
2384
2368
2272
2368
2400
2288
2352
2384
2320
2384
2368
2320
2368
2384
2336
2384
2384
2336
2384
2416
2384
2432
2432
2384
2384
2432
2416
2416
2432
2448
2416
2416
2432
2400
2416
2432
2400
2416
2400
2384
2400
2416
2400
2400
2416
2352
2368
2400
2368
2368
2400
2384
2352
2400
2288
2368
2400
2272
2384
2400
2256
2352
2416
2272
2368
2384
2288
2352
2384
2288
2384
2384
2288
2384
2384
2288
2384
2384
2288
2368
2352
2288
2368
2368
2288
2352
2384
2304
2352
2352
2288
2320
2336
2288
2320
2336
2288
2288
2288
2320
2272
2304
2272
2240
2272
2240
2224
2224
2256
2192
2208
2240
2192
2176
2176
2144
2160
2176
2144
2128
2160
2096
2112
2144
2096
2080
2096
2080
2032
2064
1936
1984
2016
1888
1984
2000
1824
1984
1968
1808
1952
1952
1808
1920
1920
1792
1920
1920
1792
1888
1904
1776
1872
1888
1776
1872
1888
1776
1840
1872
1808
1840
1856
1760
1840
1856
1728
1824
1824
1712
1808
1808
1712
1824
1808
1712
1792
1840
1712
1808
1840
1712
1824
1808
1712
1792
1824
1712
1776
1792
1712
1792
1792
1728
1792
1824
1744
1776
1776
1760
1792
1792
1824
1776
1808
1824
1792
1808
1808
1792
1792
1792
1808
1808
1808
1776
1776
1808
1792
1776
1808
1776
1792
1808
1760
1808
1824
1776
1808
1808
1744
1776
1776
1680
1792
1792
1664
1776
1776
1664
1776
1824
1680
1760
1776
1680
1776
1792
1680
1776
1792
1648
1744
1808
1696
1760
1792
1696
1776
1808
1712
1792
1792
1712
1808
1808
1744
1824
1824
1760
1840
1840
1776
1824
1856
1776
1840
1856
1808
1856
1856
1856
1840
1904
1856
1872
1904
1904
1888
1904
1904
1856
1888
1920
1872
1888
1936
1888
1888
1888
1872
1904
1872
1872
1856
1872
1856
1840
1856
1856
1856
1840
1824
1824
1808
1696
1792
1776
1632
1728
1744
1616
1696
1664
1552
1600
1584
1456
1504
1456
1392
1408
1392
1264
1264
1216
1184
1120
1088
1056
960
928
896
768
736
672
576
496
496
384
336
320
256
256
224
192
224
192
160
192
192
160
160
176
176
144
160
160
176
176
96
144
176
80
144
160
0
144
160
16
144
144
0
112
144
0
96
160
32
128
112
16
112
144
16
96
144
48
112
144
32
112
128
48
112
112
48
112
112
80
112
144
80
112
128
144
128
144
144
112
128
128
112
128
128
112
144
128
128
112
144
112
112
144
112
128
160
0
128
128
32
112
144
48
112
112
48
96
144
80
112
128
48
128
144
96
112
128
128
112
128
144
96
128
144
96
128
128
112
112
144
96
144
160
96
128
112
32
96
128
16
112
128
0
112
128
0
96
144
0
128
144
32
112
128
48
112
128
48
128
112
48
80
144
48
112
112
80
80
128
80
112
96
64
112
128
112
96
128
128
80
112
128
96
128
160
128
128
160
112
144
176
144
128
176
128
144
192
128
160
192
144
208
240
192
432
608
592
848
1008
1008
1248
1344
1360
1552
1648
1648
1824
1920
1936
2064
2160
2144
2224
2288
2304
2400
2448
2480
2528
2544
2640
2656
2672
2720
2720
2720
2768
2832
2800
2832
2880
2864
2880
2928
2896
2928
2768
2928
2928
2832
2960
2928
2864
2992
2944
2880
2976
2928
2928
2960
2960
2928
3008
2944
2928
2976
2960
2960
3008
2960
2944
3024
2960
2960
3040
2960
2944
2912
2992
2992
2912
2976
2992
2880
3008
2976
2864
2976
2960
2864
2992
2960
2864
2976
2960
2864
2960
2928
2880
2944
2928
2928
2960
2912
2912
2960
2928
2928
2960
2928
2928
2960
2928
2896
2992
2912
2912
2992
2912
2912
2768
2928
2880
2784
2896
2880
2784
2896
2832
2736
2832
2832
2736
2800
2784
2704
2736
2752
2736
2704
2704
2672
2640
2656
2640
2592
2544
2560
2528
2512
2496
2448
2432
2416
2368
2336
2336
2272
2240
2208
2032
2160
2144
1968
2032
2032
1888
1920
1920
1808
1840
1824
1696
1760
1744
1616
1632
1632
1520
1520
1504
1424
1408
1424
1344
1312
1328
1296
1232
1232
1216
1184
1152
1152
1120
1040
1072
1008
1008
976
928
944
944
880
880
880
784
832
848
640
784
784
656
736
768
656
736
720
624
688
704
624
688
704
592
656
688
624
672
688
640
672
688
624
640
672
704
656
640
688
656
688
688
656
640
688
640
656
656
608
640
672
608
656
656
608
624
672
544
624
656
496
624
640
544
624
640
496
640
624
544
624
640
560
608
608
544
608
624
576
624
640
592
624
640
576
624
624
624
608
624
640
608
608
640
608
608
640
592
608
624
592
608
624
592
592
608
576
592
608
576
608
608
560
592
608
592
592
608
560
608
624
464
624
592
528
608
640
528
624
640
544
624
640
544
624
656
592
624
656
592
656
672
624
640
672
688
672
688
704
672
672
720
672
720
720
672
704
752
720
736
736
720
752
784
768
768
816
752
800
864
720
864
912
736
896
976
816
944
1008
864
1040
1072
944
1056
1120
1040
1152
1152
1072
1168
1248
1152
1216
1264
1232
1280
1328
1280
1328
1376
1392
1392
1440
1456
1456
1488
1520
1504
1520
1584
1552
1600
1600
1584
1648
1680
1648
1648
1712
1696
1728
1728
1712
1728
1760
1648
1776
1824
1680
1840
1824
1744
1808
1856
1776
1872
1872
1808
1840
1888
1824
1904
1936
1856
1904
1968
1904
1936
1952
1984
1968
1968
1984
1968
1984
2000
1968
1984
2016
1968
2000
2016
1984
1984
2016
2000
2016
2016
1952
1984
2032
1904
2016
2048
1920
2032
2048
1936
2032
2032
1952
2032
2064
1952
2048
2048
2016
2048
2080
2016
2048
2048
2064
2048
2064
2096
2064
2080
2064
2048
2080
2080
2032
2080
2096
2064
2064
2096
2064
2048
2064
1936
2064
2096
1968
2048
2080
1968
2080
2080
1984
2064
2096
1984
2064
2048
2000
2064
2080
2000
2048
2048
2016
2048
2032
2016
2032
2064
2064
2016
2048
2080
2048
2032
2096
2032
2064
2064
2048
2080
2080
2048
2080
2096
2032
2064
2064
2080
2080
2096
1936
2064
2080
1984
2080
2128
2016
2096
2112
2032
2128
2160
2096
2144
2176
2192
2160
2208
2224
2192
2240
2288
2240
2288
2320
2256
2304
2320
2320
2336
2368
2368
2352
2416
2288
2432
2416
2336
2432
2464
2368
2464
2496
2416
2512
2496
2448
2528
2544
2512
2528
2576
2592
2592
2608
2592
2608
2608
2640
2624
2624
2656
2656
2640
2656
2672
2672
2688
2688
2656
2688
2624
2656
2688
2592
2688
2688
2576
2704
2704
2592
2672
2688
2608
2688
2704
2592
2672
2672
2624
2656
2688
2640
2672
2688
2656
2688
2704
2704
2704
2704
2704
2720
2720
2720
2704
2720
2704
2736
2688
2736
2752
2720
2704
2752
2720
2736
2752
2720
2720
2672
2736
2752
2608
2736
2736
2656
2752
2768
2672
2768
2768
2688
2768
2768
2688
2736
2784
2704
2784
2784
2720
2784
2752
2784
2752
2752
2752
2768
2752
2784
2752
2736
2752
2752
2752
2752
2768
2720
2720
2752
2704
2736
2752
2720
2736
2592
2704
2736
2608
2736
2736
2624
2736
2704
2624
2720
2736
2608
2720
2704
2624
2704
2720
2656
2720
2736
2672
2720
2736
2672
2720
2752
2752
2736
2720
2736
2752
2720
2752
2736
2720
2736
2736
2720
2752
2752
2736
2768
2752
2752
2736
2784
2752
2768
2608
2752
2768
2640
2768
2752
2672
2768
2784
2656
2784
2784
2688
2784
2784
2704
2800
2816
2736
2784
2768
2800
2784
2768
2784
2784
2768
2784
2784
2800
2800
2816
2768
2800
2800
2752
2768
2672
2768
2768
2624
2736
2768
2672
2736
2736
2656
2752
2736
2656
2704
2736
2640
2704
2704
2704
2704
2704
2704
2688
2640
2672
2672
2656
2640
2640
2640
2624
2656
2624
2624
2608
2592
2608
2528
2576
2592
2464
2576
2576
2480
2544
2560
2480
2544
2544
2464
2544
2528
2480
2496
2528
2528
2480
2496
2496
2480
2496
2496
2448
2448
2448
2432
2416
2416
2416
2368
2384
2400
2352
2368
2272
2352
2352
2208
2288
2336
2208
2336
2336
2240
2320
2320
2240
2288
2304
2240
2272
2320
2272
2288
2320
2320
2320
2320
2320
2288
2304
2320
2288
2288
2320
2288
2304
2320
2320
2320
2304
2272
2304
2320
2160
2288
2304
2192
2272
2304
2256
2288
2304
2256
2272
2304
2304
2272
2304
2304
2256
2256
2304
2256
2256
2256
2256
2256
2272
2160
2256
2256
2160
2224
2256
2176
2256
2256
2192
2224
2224
2208
2224
2240
2240
2224
2240
2272
2208
2224
2256
2208
2256
2224
2240
2224
2256
2224
2240
2256
2240
2240
2272
2144
2256
2272
2144
2272
2304
2176
2256
2320
2192
2272
2304
2192
2304
2288
2208
2256
2272
2224
2240
2272
2224
2288
2256
2272
2256
2272
2288
2256
2256
2272
2224
2256
2256
2240
2192
2272
2096
2240
2240
2144
2224
2240
2128
2224
2256
2160
2208
2224
2160
2224
2256
2224
2208
2224
2272
2192
2256
2240
2208
2256
2224
2208
2208
2256
2208
2240
2240
2192
2240
2256
2240
2240
2256
2112
2240
2240
2160
2224
2240
2176
2208
2240
2224
2224
2256
2224
2208
2240
2240
2208
2224
2256
2160
2224
2224
2160
2208
2224
2080
2176
2192
2080
2144
2176
2096
2128
2128
2064
2064
2096
2032
2032
2048
2032
2000
2016
1984
1936
1936
1920
1888
1920
1872
1856
1872
1840
1808
1776
1776
1760
1744
1712
1520
1680
1680
1520
1616
1632
1488
1584
1552
1456
1504
1520
1392
1456
1440
1376
1392
1392
1408
1360
1328
1328
1296
1280
1312
1232
1216
1264
1200
1232
1232
1200
1184
1200
1040
1168
1152
1008
1136
1168
1040
1088
1088
976
1024
1024
912
944
976
880
912
928
848
864
848
848
768
784
784
736
736
752
688
672
672
624
624
624
576
592
576
528
528
544
464
464
448
400
416
384
272
336
320
176
256
288
128
224
224
112
224
240
112
192
208
112
192
224
96
176
176
144
160
192
160
144
176
192
144
192
176
128
144
176
128
144
176
144
160
128
144
176
192
112
144
128
128
144
176
48
128
160
64
144
160
80
128
176
96
144
144
160
128
160
176
128
112
160
128
128
144
112
128
144
112
112
144
32
128
160
48
128
128
64
144
112
64
112
144
80
112
144
64
144
144
80
112
128
96
128
144
112
128
128
160
112
144
160
96
144
144
112
144
128
80
128
160
80
144
144
96
128
144
112
112
160
16
144
160
16
128
160
16
112
144
32
128
144
48
144
144
64
128
144
80
112
128
80
128
160
80
112
144
96
128
128
128
96
144
144
96
128
144
112
128
160
112
128
128
112
128
128
112
128
144
16
128
144
0
112
144
48
96
144
32
112
144
80
96
144
96
96
144
144
112
144
160
96
128
144
112
112
144
112
128
128
96
128
144
16
112
128
16
112
144
32
112
144
48
112
128
80
112
144
80
112
128
128
96
144
144
128
112
160
112
112
144
96
96
144
112
128
128
96
128
128
80
112
128
96
112
160
48
112
128
0
112
144
0
112
128
16
96
144
48
112
128
64
112
144
80
80
112
80
112
96
112
112
96
144
96
112
128
112
112
144
80
128
144
80
112
128
96
128
128
80
112
128
48
80
128
0
112
112
16
80
112
16
96
128
32
96
96
48
80
128
48
96
112
64
96
112
96
80
96
112
96
112
144
64
96
112
64
112
128
80
80
128
96
96
112
96
80
128
0
112
112
0
80
128
0
112
128
32
96
112
16
112
128
64
144
160
80
112
144
80
128
160
112
160
176
128
176
208
176
224
320
400
448
592
704
784
928
1072
1136
1264
1376
1440
1552
1680
1744
1776
1904
1904
2000
2096
2016
2208
2256
2160
2336
2400
2352
2496
2544
2448
2576
2640
2576
2672
2736
2720
2800
2816
2848
2896
2896
2928
2992
2976
3008
3072
3056
3072
3200
3136
3152
3344
3200
3184
3440
3248
3216
3296
3328
3280
3216
3456
3360
3280
3488
3392
3312
3632
3472
3360
3712
3552
3456
3776
3552
3488
3968
3680
3536
4048
3760
3616
4080
3840
3648
4080
3968
3744
4080
3984
3776
3872
4032
3824
3792
4080
3824
3760
4080
3840
3776
4080
3952
3712
4080
3952
3696
4080
4016
3808
4080
4048
3824
4080
4080
3856
4080
4080
3920
4080
4080
3936
4080
4080
4032
4080
4080
4064
4080
4080
4080
4080
4080
4080
4064
4080
4080
3952
4080
4080
3888
4080
4080
3936
4080
4080
4032
4080
4080
4032
4080
4080
4080
4080
4080
4080
4080
4080
4080
4080
4080
4080
4080
4080
4080
4080
4080
4080
3968
4080
4080
4032
4080
4080
4016
4080
4080
4064
4080
4080
4080
4080
4080
4080
4080
4080
4080
4080
4080
4080
4080
4080
4080
4080
4080
4080
4048
4080
4080
3984
4080
4080
3984
4080
4080
4064
4080
4080
4048
4080
4080
4080
4080
4080
4080
4080
4080
4080
4080
4080
4080
4080
4080
4080
4080
4080
4080
4080
4080
4080
4080
4080
4080
3984
4080
4080
4080
4080
4080
4080
4080
4080
4080
4080
4080
4080
4080
4080
4080
4080
4080
4080
4080
4080
4080
4064
4080
4080
4000
4080
4080
4080
4080
4080
4080
4080
4080
4080
4080
4080
4080
4080
4080
4080
4080
4080
4080
4080
4080
4080
4080
4080
4080
4080
4080
4080
4080
4080
4080
4016
4080
4080
4048
4080
4080
4064
4080
4080
4080
4080
4080
4080
4080
4080
4080
4080
4080
4080
4080
4080
4080
4080
4080
4080
4080
4080
4080
4080
4080
4080
4064
4080
4080
4032
4080
4080
4048
4080
4080
4080
4080
4080
4080
4080
4080
4080
4080
4080
4080
4080
4080
4080
4080
4080
4080
4080
4080
4080
4080
4080
4080
4080
4080
4080
4080
4080
4080
4080
4080
4080
4080
4080
4080
4032
4080
4080
3984
4080
4080
4048
4080
4080
4048
4080
4080
4080
4080
4080
4080
4080
4080
4080
4080
4080
4080
4080
4080
4080
4080
4080
4080
4080
4080
4080
4080
4080
4080
4080
4080
4080
4064
4080
4080
3952
4080
4080
3920
4080
4080
4000
4080
4080
4048
4080
4080
4048
4080
4080
4080
4080
4080
4080
4080
4080
4080
4080
4080
4080
4080
4080
4080
4080
4080
4080
4080
4080
4080
4080
4080
4080
4080
4080
4080
4080
4080
4080
4080
4080
4080
4064
4080
4080
4048
4080
4080
3984
4080
4080
3952
4080
4080
3936
4080
4080
3952
4080
4080
4016
4080
4080
3984
4080
4080
4032
4080
4080
4064
4080
4080
4032
4080
4080
4080
4080
4080
4080
4080
4080
4080
4080
4080
4080
4080
4080
4080
4080
4080
4080
4080
4080
4080
4048
4080
4080
4000
4080
4080
3936
4080
4080
3888
4080
4080
3904
4080
4080
3936
4080
4080
3936
4080
4080
3952
4080
4080
3984
4080
4080
4016
4080
4080
4032
4080
4080
4048
4080
4080
4080
4080
4080
4032
4080
4080
4080
4080
4080
4064
4080
4080
4080
4080
4080
4080
4016
4080
4080
3984
4080
4080
3920
4080
4080
3824
4080
4080
3840
4080
4080
3920
4080
4080
3936
4080
4080
3968
4080
4080
3952
4080
4080
3872
4080
4080
3776
4080
4016
3696
4080
3728
3472
3680
3488
3328
3152
3312
3184
3088
3200
3136
3008
3184
3136
3040
3168
3120
3024
3200
3088
3008
3136
3056
2960
3104
2976
2944
2960
2896
2848
2784
2656
2560
2432
2288
2144
1872
1760
1680
1632
1664
1760
1760
1840
1904
1872
1872
1904
1808
1856
1856
1680
1808
1808
1664
1776
1808
1648
1728
1712
1616
1744
1744
1664
1744
1776
1728
1776
1792
1712
1792
1808
1712
1776
1776
1744
1776
1824
1840
1824
1856
1872
1872
1872
1936
1920
1952
1968
1920
1984
1984
1968
1984
2032
1968
1968
2032
2000
2016
2000
1936
2016
2032
1888
2048
2064
1936
2064
2112
2000
2096
2112
2032
2144
2176
2128
2256
2256
2224
2288
2384
2352
2416
2480
2448
2544
2592
2608
2656
2720
2768
2832
2816
2896
2992
2976
3008
3152
3120
3152
3392
3280
3264
3632
3456
3408
3952
3760
3664
4080
4032
3856
4080
4080
3984
4080
4080
4048
4080
4080
4080
4080
4080
4080
4016
4080
4080
4016
4080
4080
3904
4080
4080
3984
4080
4080
4016
4080
4080
3968
4080
4080
4016
4080
4080
4032
4080
4080
4016
4080
4080
4032
4080
4080
4064
4080
4080
4080
4080
4080
4080
4080
4080
4080
4064
4080
4080
4000
4080
4080
3952
4080
4080
3872
4080
4080
3920
4080
4080
3968
4080
4080
4032
4080
4080
4032
4080
4080
4064
4080
4080
4064
4080
4080
4080
4080
4080
4080
4080
4080
4080
4080
4080
4080
4080
4080
4080
4000
4080
4080
3968
4080
4080
3888
4080
4080
3936
4080
4080
3984
4080
4080
4032
4080
4080
4080
4080
4080
4080
4080
4080
4080
4080
4080
4080
4080
4080
4080
4080
4080
4080
4080
4080
4080
4080
4080
4080
4016
4080
4080
3968
4080
4080
3904
4080
4080
3936
4080
4080
3968
4080
4080
4032
4080
4080
4032
4080
4080
4048
4080
4080
4064
4080
4080
4048
4080
4080
4080
4080
4080
4080
4080
4080
4080
4080
4080
4080
4080
4080
4080
4080
4080
4080
4080
4080
4080
3984
4080
4080
3952
4080
4080
3904
4080
4080
3936
4080
4080
4032
4080
4080
4032
4080
4080
4080
4080
4080
4080
4080
4080
4080
4080
4080
4080
4080
4080
4080
4080
4080
4080
4080
4080
4080
4080
4080
4080
4080
4080
4080
4032
4080
4080
3920
4080
4080
3888
4080
4080
3936
4080
4080
4016
4080
4080
4016
4080
4080
4048
4080
4080
4064
4080
4080
4064
4080
4080
4080
4080
4080
4080
4080
4080
4080
4080
4080
4080
4064
4080
4080
4048
4080
4080
3984
4080
4080
3936
4080
4080
4016
4080
4080
4000
4080
4080
4032
4080
4080
4080
4080
4080
4080
4080
4080
4080
